
    # |      % | total% | amount | word
    ---------------------------------------
    1 |  5.402 |  5.402 | 107212 | the 
    2 |  3.572 |  8.974 |  70893 | and 
    3 |  2.795 | 11.769 |  55465 | of 
    4 |  2.677 | 14.446 |  53134 | to 
    5 |  2.189 | 16.635 |  43448 | a 
    6 |  1.927 | 18.563 |  38250 | i 
    7 |  1.638 | 20.201 |  32512 | in 
    8 |  1.294 | 21.495 |  25684 | it 
    9 |  1.201 | 22.696 |  23836 | that 
   10 |  1.156 | 23.852 |  22940 | was 
   11 |  1.077 | 24.928 |  21366 | he 
   12 |  0.970 | 25.899 |  19257 | you 
   13 |  0.888 | 26.786 |  17615 | his 
   14 |  0.867 | 27.653 |  17207 | with 
   15 |  0.826 | 28.479 |  16386 | as 
   16 |  0.792 | 29.270 |  15713 | for 
   17 |  0.727 | 29.998 |  14430 | her 
   18 |  0.722 | 30.719 |  14327 | is 
   19 |  0.676 | 31.396 |  13424 | not 
   20 |  0.672 | 32.068 |  13334 | but 
   21 |  0.666 | 32.734 |  13226 | had 
   22 |  0.606 | 33.341 |  12036 | my 
   23 |  0.594 | 33.935 |  11798 | at 
   24 |  0.580 | 34.515 |  11520 | be 
   25 |  0.568 | 35.084 |  11279 | she 
   26 |  0.565 | 35.649 |  11223 | on 
   27 |  0.509 | 36.159 |  10110 | me 
   28 |  0.508 | 36.667 |  10083 | have 
   29 |  0.490 | 37.157 |   9732 | all 
   30 |  0.467 | 37.624 |   9262 | him 
   31 |  0.465 | 38.089 |   9225 | this 
   32 |  0.463 | 38.551 |   9182 | so 
   33 |  0.443 | 38.994 |   8788 | by 
   34 |  0.401 | 39.395 |   7966 | or 
   35 |  0.397 | 39.792 |   7877 | which 
   36 |  0.385 | 40.177 |   7640 | from 
   37 |  0.383 | 40.560 |   7602 | they 
   38 |  0.342 | 40.903 |   6795 | there 
   39 |  0.338 | 41.241 |   6717 | one 
   40 |  0.334 | 41.575 |   6629 | no 
   41 |  0.333 | 41.908 |   6609 | if 
   42 |  0.323 | 42.231 |   6404 | were 
   43 |  0.322 | 42.553 |   6390 | when 
   44 |  0.322 | 42.874 |   6385 | we 
   45 |  0.306 | 43.180 |   6070 | are 
   46 |  0.301 | 43.482 |   5982 | said 
   47 |  0.283 | 43.765 |   5618 | what 
   48 |  0.281 | 44.046 |   5575 | would 
   49 |  0.261 | 44.307 |   5179 | an 
   50 |  0.260 | 44.567 |   5165 | them 
   51 |  0.254 | 44.821 |   5049 | out 
   52 |  0.249 | 45.070 |   4935 | do 
   53 |  0.248 | 45.318 |   4921 | up 
   54 |  0.246 | 45.564 |   4883 | then 
   55 |  0.236 | 45.800 |   4676 | been 
   56 |  0.235 | 46.034 |   4659 | will 
   57 |  0.233 | 46.268 |   4634 | their 
   58 |  0.225 | 46.493 |   4469 | your 
   59 |  0.219 | 46.712 |   4349 | now 
   60 |  0.219 | 46.931 |   4339 | could 
   61 |  0.217 | 47.148 |   4307 | who 
   62 |  0.206 | 47.354 |   4097 | more 
   63 |  0.203 | 47.558 |   4038 | some 
   64 |  0.195 | 47.753 |   3869 | very 
   65 |  0.194 | 47.947 |   3854 | any 
   66 |  0.186 | 48.133 |   3697 | little 
   67 |  0.184 | 48.317 |   3653 | like 
   68 |  0.181 | 48.498 |   3585 | into 
   69 |  0.168 | 48.666 |   3339 | about 
   70 |  0.165 | 48.831 |   3266 | see 
   71 |  0.162 | 48.993 |   3218 | than 
   72 |  0.161 | 49.154 |   3200 | did 
   73 |  0.161 | 49.315 |   3187 | time 
   74 |  0.157 | 49.471 |   3111 | its 
   75 |  0.156 | 49.627 |   3087 | man 
   76 |  0.152 | 49.779 |   3025 | only 
   77 |  0.151 | 49.930 |   2990 | such 
   78 |  0.148 | 50.078 |   2942 | has 
   79 |  0.148 | 50.226 |   2936 | down 
   80 |  0.147 | 50.373 |   2925 | over 
   81 |  0.146 | 50.520 |   2907 | other 
   82 |  0.146 | 50.666 |   2905 | well 
   83 |  0.146 | 50.812 |   2893 | know 
   84 |  0.144 | 50.956 |   2861 | before 
   85 |  0.143 | 51.099 |   2838 | must 
   86 |  0.142 | 51.241 |   2817 | upon 
   87 |  0.141 | 51.383 |   2807 | can 
   88 |  0.138 | 51.521 |   2738 | how 
   89 |  0.135 | 51.656 |   2679 | may 
   90 |  0.132 | 51.787 |   2610 | never 
   91 |  0.131 | 51.918 |   2606 | good 
   92 |  0.127 | 52.045 |   2523 | much 
   93 |  0.126 | 52.172 |   2510 | come 
   94 |  0.126 | 52.298 |   2498 | old 
   95 |  0.123 | 52.421 |   2437 | should 
   96 |  0.120 | 52.540 |   2375 | am 
   97 |  0.116 | 52.656 |   2295 | go 
   98 |  0.114 | 52.770 |   2271 | after 
   99 |  0.113 | 52.883 |   2245 | again 
  100 |  0.112 | 52.995 |   2219 | our 
  101 |  0.111 | 53.106 |   2198 | these 
  102 |  0.111 | 53.217 |   2194 | project 
  103 |  0.110 | 53.327 |   2189 | way 
  104 |  0.110 | 53.437 |   2182 | long 
  105 |  0.109 | 53.546 |   2171 | here 
  106 |  0.109 | 53.655 |   2164 | made 
  107 |  0.109 | 53.764 |   2155 | where 
  108 |  0.108 | 53.872 |   2143 | work 
  109 |  0.108 | 53.980 |   2140 | us 
  110 |  0.107 | 54.087 |   2124 | two 
  111 |  0.105 | 54.192 |   2091 | shall 
  112 |  0.105 | 54.297 |   2080 | own 
  113 |  0.105 | 54.401 |   2076 | think 
  114 |  0.102 | 54.504 |   2032 | say 
  115 |  0.100 | 54.604 |   1983 | away 
  116 |  0.099 | 54.702 |   1956 | too 
  117 |  0.098 | 54.800 |   1947 | came 
  118 |  0.098 | 54.898 |   1941 | day 
  119 |  0.095 | 54.994 |   1894 | first 
  120 |  0.095 | 55.089 |   1884 | yet 
  121 |  0.095 | 55.183 |   1880 | went 
  122 |  0.094 | 55.278 |   1873 | might 
  123 |  0.093 | 55.371 |   1854 | great 
  124 |  0.093 | 55.464 |   1838 | most 
  125 |  0.092 | 55.556 |   1831 | life 
  126 |  0.090 | 55.646 |   1778 | though 
  127 |  0.090 | 55.735 |   1777 | make 
  128 |  0.089 | 55.825 |   1776 | back 
  129 |  0.089 | 55.914 |   1770 | through 
  130 |  0.089 | 56.003 |   1765 | without 
  131 |  0.088 | 56.091 |   1747 | even 
  132 |  0.088 | 56.179 |   1747 | still 
  133 |  0.087 | 56.265 |   1722 | hand 
  134 |  0.086 | 56.352 |   1711 | ever 
  135 |  0.085 | 56.437 |   1685 | last 
  136 |  0.085 | 56.521 |   1684 | himself 
  137 |  0.084 | 56.606 |   1677 | every 
  138 |  0.084 | 56.690 |   1673 | thought 
  139 |  0.084 | 56.774 |   1666 | off 
  140 |  0.082 | 56.856 |   1633 | got 
  141 |  0.082 | 56.939 |   1632 | being 
  142 |  0.082 | 57.020 |   1621 | many 
  143 |  0.081 | 57.102 |   1611 | just 
  144 |  0.081 | 57.183 |   1610 | nothing 
  145 |  0.081 | 57.264 |   1609 | eyes 
  146 |  0.081 | 57.344 |   1602 | don't 
  147 |  0.080 | 57.424 |   1579 | seemed 
  148 |  0.080 | 57.504 |   1579 | look 
  149 |  0.079 | 57.582 |   1559 | men 
  150 |  0.078 | 57.660 |   1553 | while 
  151 |  0.078 | 57.738 |   1544 | looked 
  152 |  0.076 | 57.815 |   1518 | face 
  153 |  0.075 | 57.890 |   1496 | those 
  154 |  0.075 | 57.965 |   1494 | get 
  155 |  0.075 | 58.041 |   1493 | head 
  156 |  0.075 | 58.115 |   1481 | tell 
  157 |  0.074 | 58.190 |   1477 | take 
  158 |  0.074 | 58.263 |   1459 | mrs 
  159 |  0.072 | 58.335 |   1426 | night 
  160 |  0.071 | 58.406 |   1412 | let 
  161 |  0.071 | 58.477 |   1404 | once 
  162 |  0.070 | 58.546 |   1382 | under 
  163 |  0.069 | 58.616 |   1376 | house 
  164 |  0.069 | 58.685 |   1366 | room 
  165 |  0.069 | 58.753 |   1365 | found 
  166 |  0.069 | 58.822 |   1365 | saw 
  167 |  0.067 | 58.889 |   1322 | miss 
  168 |  0.066 | 58.955 |   1319 | right 
  169 |  0.066 | 59.021 |   1311 | things 
  170 |  0.066 | 59.087 |   1309 | door 
  171 |  0.064 | 59.152 |   1276 | took 
  172 |  0.063 | 59.215 |   1250 | another 
  173 |  0.063 | 59.277 |   1249 | jo 
  174 |  0.063 | 59.340 |   1247 | because 
  175 |  0.063 | 59.403 |   1242 | why 
  176 |  0.062 | 59.465 |   1238 | heard 
  177 |  0.062 | 59.527 |   1229 | new 
  178 |  0.062 | 59.589 |   1221 | put 
  179 |  0.061 | 59.650 |   1219 | young 
  180 |  0.061 | 59.711 |   1211 | soon 
  181 |  0.061 | 59.772 |   1206 | always 
  182 |  0.061 | 59.833 |   1204 | something 
  183 |  0.061 | 59.893 |   1201 | people 
  184 |  0.060 | 59.953 |   1197 | dear 
  185 |  0.060 | 60.013 |   1181 | give 
  186 |  0.060 | 60.072 |   1181 | yes 
  187 |  0.059 | 60.132 |   1180 | same 
  188 |  0.059 | 60.191 |   1179 | myself 
  189 |  0.058 | 60.250 |   1159 | place 
  190 |  0.058 | 60.308 |   1155 | done 
  191 |  0.057 | 60.365 |   1125 | better 
  192 |  0.057 | 60.421 |   1124 | left 
  193 |  0.057 | 60.478 |   1123 | mind 
  194 |  0.056 | 60.534 |   1120 | quite 
  195 |  0.055 | 60.590 |   1098 | thing 
  196 |  0.055 | 60.645 |   1097 | three 
  197 |  0.054 | 60.699 |   1077 | hands 
  198 |  0.054 | 60.753 |   1074 | both 
  199 |  0.054 | 60.807 |   1074 | asked 
  200 |  0.054 | 60.861 |   1070 | oh 
  201 |  0.054 | 60.915 |   1064 | heart 
  202 |  0.053 | 60.967 |   1042 | going 
  203 |  0.052 | 61.020 |   1040 | far 
  204 |  0.052 | 61.072 |   1036 | world 
  205 |  0.052 | 61.124 |   1035 | poor 
  206 |  0.052 | 61.176 |   1031 | home 
  207 |  0.052 | 61.228 |   1026 | till 
  208 |  0.051 | 61.279 |   1020 | seen 
  209 |  0.051 | 61.330 |   1017 | father 
  210 |  0.051 | 61.381 |   1014 | full 
  211 |  0.051 | 61.433 |   1013 | enough 
  212 |  0.051 | 61.483 |   1009 | round 
  213 |  0.050 | 61.533 |    988 | mother 
  214 |  0.050 | 61.583 |    986 | few 
  215 |  0.050 | 61.632 |    985 | herself 
  216 |  0.049 | 61.682 |    980 | nor 
  217 |  0.049 | 61.731 |    980 | sir 
  218 |  0.049 | 61.780 |    974 | whale 
  219 |  0.049 | 61.829 |    972 | says 
  220 |  0.049 | 61.878 |    968 | set 
  221 |  0.049 | 61.927 |    967 | side 
  222 |  0.048 | 61.975 |    962 | felt 
  223 |  0.048 | 62.023 |    957 | morning 
  224 |  0.048 | 62.072 |    954 | white 
  225 |  0.047 | 62.118 |    932 | told 
  226 |  0.046 | 62.164 |    908 | find 
  227 |  0.046 | 62.210 |    906 | part 
  228 |  0.046 | 62.256 |    906 | love 
  229 |  0.046 | 62.301 |    905 | knew 
  230 |  0.046 | 62.347 |    904 | against 
  231 |  0.045 | 62.392 |    901 | does 
  232 |  0.045 | 62.437 |    899 | anything 
  233 |  0.045 | 62.483 |    898 | years 
  234 |  0.045 | 62.528 |    896 | cannot 
  235 |  0.045 | 62.573 |    890 | each 
  236 |  0.044 | 62.617 |    882 | works 
  237 |  0.044 | 62.661 |    882 | looking 
  238 |  0.044 | 62.706 |    875 | want 
  239 |  0.043 | 62.749 |    856 | black 
  240 |  0.043 | 62.792 |    855 | keep 
  241 |  0.043 | 62.835 |    852 | whole 
  242 |  0.043 | 62.878 |    852 | hear 
  243 |  0.043 | 62.920 |    844 | turned 
  244 |  0.042 | 62.963 |    842 | stood 
  245 |  0.042 | 63.005 |    840 | almost 
  246 |  0.042 | 63.047 |    839 | however 
  247 |  0.042 | 63.089 |    837 | having 
  248 |  0.042 | 63.131 |    828 | friend 
  249 |  0.041 | 63.172 |    820 | rather 
  250 |  0.041 | 63.214 |    818 | light 
  251 |  0.041 | 63.255 |    815 | days 
  252 |  0.041 | 63.295 |    809 | chapter 
  253 |  0.041 | 63.336 |    807 | began 
  254 |  0.041 | 63.377 |    807 | sat 
  255 |  0.040 | 63.417 |    803 | moment 
  256 |  0.040 | 63.458 |    801 | between 
  257 |  0.040 | 63.498 |    799 | kind 
  258 |  0.040 | 63.538 |    792 | perhaps 
  259 |  0.040 | 63.578 |    791 | half 
  260 |  0.040 | 63.617 |    791 | cried 
  261 |  0.039 | 63.657 |    778 | help 
  262 |  0.039 | 63.696 |    773 | gone 
  263 |  0.039 | 63.734 |    770 | voice 
  264 |  0.039 | 63.773 |    766 | indeed 
  265 |  0.039 | 63.812 |    765 | lady 
  266 |  0.038 | 63.850 |    762 | whom 
  267 |  0.037 | 63.887 |    742 | read 
  268 |  0.037 | 63.925 |    740 | name 
  269 |  0.037 | 63.962 |    737 | air 
  270 |  0.037 | 63.999 |    734 | end 
  271 |  0.037 | 64.036 |    733 | best 
  272 |  0.037 | 64.073 |    731 | along 
  273 |  0.037 | 64.109 |    730 | often 
  274 |  0.037 | 64.146 |    728 | within 
  275 |  0.037 | 64.183 |    727 | called 
  276 |  0.036 | 64.219 |    724 | words 
  277 |  0.036 | 64.255 |    721 | water 
  278 |  0.036 | 64.292 |    720 | hope 
  279 |  0.036 | 64.328 |    716 | course 
  280 |  0.036 | 64.364 |    715 | alone 
  281 |  0.036 | 64.400 |    714 | child 
  282 |  0.036 | 64.436 |    713 | among 
  283 |  0.036 | 64.471 |    709 | use 
  284 |  0.036 | 64.507 |    709 | wish 
  285 |  0.036 | 64.543 |    705 | word 
  286 |  0.036 | 64.578 |    705 | small 
  287 |  0.035 | 64.614 |    701 | woman 
  288 |  0.035 | 64.649 |    699 | next 
  289 |  0.035 | 64.684 |    695 | gave 
  290 |  0.035 | 64.719 |    694 | also 
  291 |  0.035 | 64.754 |    691 | thus 
  292 |  0.035 | 64.788 |    687 | nora 
  293 |  0.035 | 64.823 |    686 | elizabeth 
  294 |  0.035 | 64.857 |    685 | dark 
  295 |  0.034 | 64.892 |    683 | lay 
  296 |  0.034 | 64.926 |    683 | it's 
  297 |  0.034 | 64.960 |    677 | since 
  298 |  0.034 | 64.994 |    677 | god 
  299 |  0.034 | 65.028 |    676 | open 
  300 |  0.034 | 65.062 |    676 | feel 
  301 |  0.034 | 65.096 |    675 | electronic 
  302 |  0.034 | 65.130 |    674 | sea 
  303 |  0.034 | 65.164 |    672 | sometimes 
  304 |  0.034 | 65.198 |    669 | sure 
  305 |  0.033 | 65.231 |    658 | near 
  306 |  0.033 | 65.264 |    656 | together 
  307 |  0.033 | 65.297 |    654 | letter 
  308 |  0.033 | 65.330 |    651 | rest 
  309 |  0.033 | 65.363 |    651 | thou 
  310 |  0.033 | 65.395 |    650 | towards 
  311 |  0.032 | 65.428 |    645 | death 
  312 |  0.032 | 65.460 |    644 | speak 
  313 |  0.032 | 65.493 |    642 | others 
  314 |  0.032 | 65.525 |    637 | whose 
  315 |  0.032 | 65.557 |    634 | believe 
  316 |  0.032 | 65.589 |    633 | meg 
  317 |  0.032 | 65.620 |    631 | didn't 
  318 |  0.032 | 65.652 |    629 | jane 
  319 |  0.031 | 65.684 |    623 | state 
  320 |  0.031 | 65.715 |    622 | passed 
  321 |  0.031 | 65.746 |    618 | business 
  322 |  0.031 | 65.777 |    616 | terms 
  323 |  0.031 | 65.808 |    615 | leave 
  324 |  0.031 | 65.839 |    612 | behind 
  325 |  0.031 | 65.870 |    608 | fire 
  326 |  0.031 | 65.900 |    607 | bed 
  327 |  0.031 | 65.931 |    606 | coming 
  328 |  0.030 | 65.961 |    605 | used 
  329 |  0.030 | 65.992 |    605 | e 
  330 |  0.030 | 66.022 |    597 | sort 
  331 |  0.030 | 66.052 |    596 | whether 
  332 |  0.030 | 66.082 |    593 | hard 
  333 |  0.030 | 66.111 |    590 | true 
  334 |  0.030 | 66.141 |    589 | brought 
  335 |  0.030 | 66.171 |    589 | john 
  336 |  0.030 | 66.200 |    587 | matter 
  337 |  0.029 | 66.230 |    585 | family 
  338 |  0.029 | 66.259 |    583 | dead 
  339 |  0.029 | 66.288 |    582 | foundation 
  340 |  0.029 | 66.318 |    580 | i'm 
  341 |  0.029 | 66.347 |    580 | around 
  342 |  0.029 | 66.376 |    579 | amy 
  343 |  0.029 | 66.405 |    576 | times 
  344 |  0.029 | 66.434 |    571 | present 
  345 |  0.029 | 66.463 |    569 | really 
  346 |  0.029 | 66.491 |    566 | strange 
  347 |  0.028 | 66.519 |    564 | money 
  348 |  0.028 | 66.548 |    560 | live 
  349 |  0.028 | 66.575 |    551 | feet 
  350 |  0.028 | 66.603 |    547 | hour 
  351 |  0.028 | 66.631 |    546 | mean 
  352 |  0.028 | 66.658 |    546 | sister 
  353 |  0.028 | 66.686 |    546 | laurie 
  354 |  0.027 | 66.713 |    545 | happy 
  355 |  0.027 | 66.740 |    543 | answered 
  356 |  0.027 | 66.768 |    539 | children 
  357 |  0.027 | 66.795 |    538 | certain 
  358 |  0.027 | 66.822 |    538 | least 
  359 |  0.027 | 66.849 |    536 | nature 
  360 |  0.027 | 66.876 |    535 | already 
  361 |  0.027 | 66.903 |    535 | fear 
  362 |  0.027 | 66.930 |    534 | taken 
  363 |  0.027 | 66.956 |    533 | window 
  364 |  0.027 | 66.983 |    532 | less 
  365 |  0.027 | 67.010 |    532 | ask 
  366 |  0.027 | 67.037 |    532 | ye 
  367 |  0.027 | 67.064 |    531 | high 
  368 |  0.027 | 67.090 |    527 | either 
  369 |  0.026 | 67.117 |    525 | kept 
  370 |  0.026 | 67.143 |    520 | country 
  371 |  0.026 | 67.169 |    519 | case 
  372 |  0.026 | 67.195 |    512 | king 
  373 |  0.026 | 67.220 |    507 | table 
  374 |  0.025 | 67.246 |    503 | body 
  375 |  0.025 | 67.271 |    500 | i'll 
  376 |  0.025 | 67.296 |    498 | evening 
  377 |  0.025 | 67.321 |    497 | town 
  378 |  0.025 | 67.346 |    497 | call 
  379 |  0.025 | 67.371 |    497 | pretty 
  380 |  0.025 | 67.396 |    496 | wife 
  381 |  0.025 | 67.421 |    496 | given 
  382 |  0.025 | 67.446 |    491 | manner 
  383 |  0.025 | 67.471 |    491 | ship 
  384 |  0.025 | 67.495 |    488 | sleep 
  385 |  0.024 | 67.520 |    486 | until 
  386 |  0.024 | 67.544 |    484 | returned 
  387 |  0.024 | 67.568 |    484 | soul 
  388 |  0.024 | 67.593 |    483 | answer 
  389 |  0.024 | 67.617 |    482 | themselves 
  390 |  0.024 | 67.641 |    482 | lost 
  391 |  0.024 | 67.666 |    481 | care 
  392 |  0.024 | 67.690 |    481 | hold 
  393 |  0.024 | 67.714 |    480 | free 
  394 |  0.024 | 67.738 |    477 | everything 
  395 |  0.024 | 67.762 |    473 | sight 
  396 |  0.024 | 67.786 |    472 | ready 
  397 |  0.024 | 67.809 |    471 | talk 
  398 |  0.024 | 67.833 |    470 | friends 
  399 |  0.024 | 67.857 |    470 | large 
  400 |  0.024 | 67.880 |    470 | feeling 
  401 |  0.024 | 67.904 |    469 | turn 
  402 |  0.024 | 67.928 |    469 | hair 
  403 |  0.024 | 67.951 |    468 | itself 
  404 |  0.023 | 67.975 |    465 | else 
  405 |  0.023 | 67.998 |    465 | held 
  406 |  0.023 | 68.021 |    463 | holmes 
  407 |  0.023 | 68.045 |    462 | forth 
  408 |  0.023 | 68.068 |    462 | agreement 
  409 |  0.023 | 68.091 |    461 | arms 
  410 |  0.023 | 68.114 |    461 | eye 
  411 |  0.023 | 68.138 |    459 | close 
  412 |  0.023 | 68.161 |    458 | sun 
  413 |  0.023 | 68.184 |    457 | states 
  414 |  0.023 | 68.207 |    455 | spirit 
  415 |  0.023 | 68.229 |    453 | fell 
  416 |  0.023 | 68.252 |    452 | person 
  417 |  0.023 | 68.275 |    449 | human 
  418 |  0.023 | 68.297 |    448 | known 
  419 |  0.023 | 68.320 |    448 | yourself 
  420 |  0.023 | 68.342 |    447 | above 
  421 |  0.022 | 68.365 |    446 | four 
  422 |  0.022 | 68.387 |    445 | means 
  423 |  0.022 | 68.410 |    444 | girl 
  424 |  0.022 | 68.432 |    444 | spoke 
  425 |  0.022 | 68.454 |    443 | power 
  426 |  0.022 | 68.477 |    443 | idea 
  427 |  0.022 | 68.499 |    443 | laid 
  428 |  0.022 | 68.521 |    442 | can't 
  429 |  0.022 | 68.543 |    439 | cold 
  430 |  0.022 | 68.565 |    436 | doubt 
  431 |  0.022 | 68.587 |    435 | need 
  432 |  0.022 | 68.609 |    434 | suddenly 
  433 |  0.022 | 68.631 |    432 | therefore 
  434 |  0.022 | 68.653 |    432 | understand 
  435 |  0.022 | 68.675 |    432 | change 
  436 |  0.022 | 68.696 |    432 | received 
  437 |  0.022 | 68.718 |    429 | sound 
  438 |  0.022 | 68.740 |    429 | deep 
  439 |  0.022 | 68.761 |    429 | doctor 
  440 |  0.022 | 68.783 |    427 | land 
  441 |  0.022 | 68.804 |    427 | wanted 
  442 |  0.021 | 68.826 |    426 | seem 
  443 |  0.021 | 68.847 |    426 | saying 
  444 |  0.021 | 68.869 |    425 | girls 
  445 |  0.021 | 68.890 |    425 | earth 
  446 |  0.021 | 68.911 |    423 | short 
  447 |  0.021 | 68.932 |    420 | reason 
  448 |  0.021 | 68.954 |    419 | making 
  449 |  0.021 | 68.975 |    419 | public 
  450 |  0.021 | 68.996 |    418 | point 
  451 |  0.021 | 69.017 |    417 | return 
  452 |  0.021 | 69.038 |    417 | suppose 
  453 |  0.021 | 69.059 |    416 | appeared 
  454 |  0.021 | 69.080 |    415 | low 
  455 |  0.021 | 69.100 |    413 | gentleman 
  456 |  0.021 | 69.121 |    413 | hardly 
  457 |  0.021 | 69.142 |    413 | beth 
  458 |  0.021 | 69.163 |    411 | second 
  459 |  0.021 | 69.183 |    411 | mine 
  460 |  0.021 | 69.204 |    410 | became 
  461 |  0.021 | 69.225 |    410 | wild 
  462 |  0.021 | 69.245 |    409 | strong 
  463 |  0.020 | 69.266 |    405 | try 
  464 |  0.020 | 69.286 |    404 | opened 
  465 |  0.020 | 69.306 |    402 | general 
  466 |  0.020 | 69.327 |    402 | remember 
  467 |  0.020 | 69.347 |    401 | ought 
  468 |  0.020 | 69.367 |    400 | march 
  469 |  0.020 | 69.387 |    400 | seems 
  470 |  0.020 | 69.407 |    399 | tried 
  471 |  0.020 | 69.427 |    399 | comes 
  472 |  0.020 | 69.447 |    398 | thousand 
  473 |  0.020 | 69.467 |    398 | couldn't 
  474 |  0.020 | 69.488 |    398 | alice 
  475 |  0.020 | 69.508 |    397 | able 
  476 |  0.020 | 69.528 |    397 | husband 
  477 |  0.020 | 69.548 |    397 | whales 
  478 |  0.020 | 69.567 |    396 | arm 
  479 |  0.020 | 69.587 |    393 | license 
  480 |  0.020 | 69.607 |    393 | year 
  481 |  0.020 | 69.627 |    393 | during 
  482 |  0.020 | 69.647 |    392 | order 
  483 |  0.020 | 69.666 |    392 | de 
  484 |  0.020 | 69.686 |    391 | boy 
  485 |  0.019 | 69.706 |    387 | several 
  486 |  0.019 | 69.725 |    387 | fine 
  487 |  0.019 | 69.745 |    387 | across 
  488 |  0.019 | 69.764 |    386 | glad 
  489 |  0.019 | 69.783 |    385 | longer 
  490 |  0.019 | 69.803 |    380 | trouble 
  491 |  0.019 | 69.822 |    380 | replied 
  492 |  0.019 | 69.841 |    380 | show 
  493 |  0.019 | 69.860 |    379 | hours 
  494 |  0.019 | 69.879 |    377 | question 
  495 |  0.019 | 69.898 |    377 | red 
  496 |  0.019 | 69.917 |    377 | ' 
  497 |  0.019 | 69.936 |    375 | form 
  498 |  0.019 | 69.955 |    375 | donations 
  499 |  0.019 | 69.974 |    374 | ten 
  500 |  0.019 | 69.992 |    372 | become 
  501 |  0.019 | 70.011 |    372 | please 
  502 |  0.019 | 70.030 |    371 | boat 
  503 |  0.019 | 70.048 |    371 | darcy 
  504 |  0.019 | 70.067 |    369 | sent 
  505 |  0.019 | 70.086 |    369 | taking 
  506 |  0.019 | 70.104 |    368 | added 
  507 |  0.018 | 70.123 |    367 | followed 
  508 |  0.018 | 70.141 |    367 | bad 
  509 |  0.018 | 70.160 |    367 | rose 
  510 |  0.018 | 70.178 |    367 | quiet 
  511 |  0.018 | 70.197 |    366 | stand 
  512 |  0.018 | 70.215 |    366 | run 
  513 |  0.018 | 70.233 |    365 | women 
  514 |  0.018 | 70.252 |    364 | captain 
  515 |  0.018 | 70.270 |    363 | certainly 
  516 |  0.018 | 70.288 |    363 | hundred 
  517 |  0.018 | 70.307 |    363 | nearly 
  518 |  0.018 | 70.325 |    363 | none 
  519 |  0.018 | 70.343 |    362 | five 
  520 |  0.018 | 70.361 |    361 | struck 
  521 |  0.018 | 70.380 |    361 | blood 
  522 |  0.018 | 70.398 |    361 | hester 
  523 |  0.018 | 70.416 |    360 | lord 
  524 |  0.018 | 70.434 |    360 | pleasure 
  525 |  0.018 | 70.452 |    360 | truth 
  526 |  0.018 | 70.470 |    359 | late 
  527 |  0.018 | 70.488 |    359 | river 
  528 |  0.018 | 70.506 |    357 | copyright 
  529 |  0.018 | 70.524 |    357 | ground 
  530 |  0.018 | 70.542 |    356 | silence 
  531 |  0.018 | 70.560 |    355 | except 
  532 |  0.018 | 70.578 |    355 | madame 
  533 |  0.018 | 70.596 |    355 | jim 
  534 |  0.018 | 70.614 |    354 | dr 
  535 |  0.018 | 70.632 |    354 | stay 
  536 |  0.018 | 70.649 |    354 | minute 
  537 |  0.018 | 70.667 |    353 | literary 
  538 |  0.018 | 70.685 |    352 | living 
  539 |  0.018 | 70.702 |    348 | ill 
  540 |  0.017 | 70.720 |    346 | walked 
  541 |  0.017 | 70.737 |    345 | character 
  542 |  0.017 | 70.755 |    345 | ago 
  543 |  0.017 | 70.772 |    344 | thoughts 
  544 |  0.017 | 70.789 |    344 | past 
  545 |  0.017 | 70.807 |    343 | subject 
  546 |  0.017 | 70.824 |    343 | wouldn't 
  547 |  0.017 | 70.841 |    343 | sense 
  548 |  0.017 | 70.858 |    342 | street 
  549 |  0.017 | 70.876 |    342 | afraid 
  550 |  0.017 | 70.893 |    342 | doing 
  551 |  0.017 | 70.910 |    341 | copy 
  552 |  0.017 | 70.927 |    341 | aunt 
  553 |  0.017 | 70.944 |    340 | possible 
  554 |  0.017 | 70.961 |    339 | big 
  555 |  0.017 | 70.978 |    337 | thee 
  556 |  0.017 | 70.995 |    336 | early 
  557 |  0.017 | 71.012 |    336 | lorry 
  558 |  0.017 | 71.029 |    334 | united 
  559 |  0.017 | 71.046 |    334 | hall 
  560 |  0.017 | 71.063 |    334 | won't 
  561 |  0.017 | 71.080 |    334 | van 
  562 |  0.017 | 71.096 |    332 | fellow 
  563 |  0.017 | 71.113 |    332 | minutes 
  564 |  0.017 | 71.130 |    330 | wind 
  565 |  0.017 | 71.146 |    329 | wonder 
  566 |  0.017 | 71.163 |    328 | that's 
  567 |  0.016 | 71.179 |    327 | archive 
  568 |  0.016 | 71.196 |    325 | lips 
  569 |  0.016 | 71.212 |    325 | sweet 
  570 |  0.016 | 71.228 |    325 | ain't 
  571 |  0.016 | 71.245 |    324 | easy 
  572 |  0.016 | 71.261 |    324 | bear 
  573 |  0.016 | 71.277 |    324 | standing 
  574 |  0.016 | 71.294 |    323 | getting 
  575 |  0.016 | 71.310 |    323 | brother 
  576 |  0.016 | 71.326 |    323 | son 
  577 |  0.016 | 71.342 |    322 | met 
  578 |  0.016 | 71.359 |    321 | ran 
  579 |  0.016 | 71.375 |    321 | jack 
  580 |  0.016 | 71.391 |    320 | paper 
  581 |  0.016 | 71.407 |    319 | book 
  582 |  0.016 | 71.423 |    318 | neither 
  583 |  0.016 | 71.439 |    318 | purpose 
  584 |  0.016 | 71.455 |    318 | meet 
  585 |  0.016 | 71.471 |    318 | line 
  586 |  0.016 | 71.487 |    318 | forward 
  587 |  0.016 | 71.503 |    317 | stopped 
  588 |  0.016 | 71.519 |    317 | today 
  589 |  0.016 | 71.535 |    316 | beyond 
  590 |  0.016 | 71.551 |    314 | different 
  591 |  0.016 | 71.567 |    314 | beautiful 
  592 |  0.016 | 71.582 |    313 | scrooge 
  593 |  0.016 | 71.598 |    313 | thy 
  594 |  0.016 | 71.614 |    312 | rochester 
  595 |  0.016 | 71.630 |    311 | st 
  596 |  0.016 | 71.645 |    310 | heavy 
  597 |  0.016 | 71.661 |    310 | smile 
  598 |  0.016 | 71.676 |    309 | bring 
  599 |  0.016 | 71.692 |    309 | below 
  600 |  0.016 | 71.707 |    308 | goes 
  601 |  0.015 | 71.723 |    307 | walk 
  602 |  0.015 | 71.738 |    306 | interest 
  603 |  0.015 | 71.754 |    306 | information 
  604 |  0.015 | 71.769 |    306 | cause 
  605 |  0.015 | 71.785 |    306 | clear 
  606 |  0.015 | 71.800 |    305 | chair 
  607 |  0.015 | 71.815 |    303 | negro 
  608 |  0.015 | 71.830 |    300 | written 
  609 |  0.015 | 71.845 |    300 | whatever 
  610 |  0.015 | 71.861 |    300 | sit 
  611 |  0.015 | 71.876 |    300 | helsing 
  612 |  0.015 | 71.891 |    299 | warn't 
  613 |  0.015 | 71.906 |    298 | f 
  614 |  0.015 | 71.921 |    298 | dinner 
  615 |  0.015 | 71.936 |    298 | natural 
  616 |  0.015 | 71.951 |    297 | fair 
  617 |  0.015 | 71.966 |    297 | married 
  618 |  0.015 | 71.981 |    297 | write 
  619 |  0.015 | 71.996 |    295 | further 
  620 |  0.015 | 72.010 |    295 | story 
  621 |  0.015 | 72.025 |    295 | fact 
  622 |  0.015 | 72.040 |    295 | road 
  623 |  0.015 | 72.055 |    295 | woods 
  624 |  0.015 | 72.070 |    294 | slowly 
  625 |  0.015 | 72.085 |    294 | entered 
  626 |  0.015 | 72.099 |    294 | bennet 
  627 |  0.015 | 72.114 |    293 | account 
  628 |  0.015 | 72.129 |    293 | carried 
  629 |  0.015 | 72.144 |    293 | seeing 
  630 |  0.015 | 72.158 |    292 | city 
  631 |  0.015 | 72.173 |    292 | unless 
  632 |  0.015 | 72.188 |    292 | pass 
  633 |  0.015 | 72.203 |    292 | daughter 
  634 |  0.015 | 72.217 |    291 | happened 
  635 |  0.015 | 72.232 |    291 | lived 
  636 |  0.015 | 72.247 |    290 | laws 
  637 |  0.015 | 72.261 |    290 | thank 
  638 |  0.015 | 72.276 |    288 | makes 
  639 |  0.014 | 72.290 |    287 | charge 
  640 |  0.014 | 72.305 |    287 | blue 
  641 |  0.014 | 72.319 |    287 | wait 
  642 |  0.014 | 72.333 |    286 | usual 
  643 |  0.014 | 72.348 |    286 | strength 
  644 |  0.014 | 72.362 |    286 | play 
  645 |  0.014 | 72.377 |    286 | chance 
  646 |  0.014 | 72.391 |    286 | edna 
  647 |  0.014 | 72.405 |    285 | die 
  648 |  0.014 | 72.420 |    285 | london 
  649 |  0.014 | 72.434 |    285 | outside 
  650 |  0.014 | 72.449 |    285 | drew 
  651 |  0.014 | 72.463 |    285 | feelings 
  652 |  0.014 | 72.477 |    284 | real 
  653 |  0.014 | 72.492 |    284 | agree 
  654 |  0.014 | 72.506 |    284 | master 
  655 |  0.014 | 72.520 |    284 | front 
  656 |  0.014 | 72.534 |    284 | continued 
  657 |  0.014 | 72.549 |    283 | common 
  658 |  0.014 | 72.563 |    283 | paragraph 
  659 |  0.014 | 72.577 |    282 | watch 
  660 |  0.014 | 72.591 |    281 | besides 
  661 |  0.014 | 72.605 |    281 | paid 
  662 |  0.014 | 72.620 |    280 | thinking 
  663 |  0.014 | 72.634 |    280 | deal 
  664 |  0.014 | 72.648 |    278 | cut 
  665 |  0.014 | 72.662 |    278 | broken 
  666 |  0.014 | 72.676 |    278 | foot 
  667 |  0.014 | 72.690 |    277 | corner 
  668 |  0.014 | 72.704 |    276 | save 
  669 |  0.014 | 72.717 |    275 | length 
  670 |  0.014 | 72.731 |    275 | silent 
  671 |  0.014 | 72.745 |    274 | necessary 
  672 |  0.014 | 72.759 |    273 | age 
  673 |  0.014 | 72.773 |    273 | turning 
  674 |  0.014 | 72.786 |    272 | english 
  675 |  0.014 | 72.800 |    272 | notice 
  676 |  0.014 | 72.814 |    272 | expression 
  677 |  0.014 | 72.827 |    272 | sitting 
  678 |  0.014 | 72.841 |    271 | prince 
  679 |  0.014 | 72.855 |    270 | grew 
  680 |  0.014 | 72.868 |    269 | especially 
  681 |  0.014 | 72.882 |    268 | ebook 
  682 |  0.014 | 72.895 |    268 | laugh 
  683 |  0.014 | 72.909 |    268 | algernon 
  684 |  0.013 | 72.922 |    267 | pleasant 
  685 |  0.013 | 72.936 |    266 | send 
  686 |  0.013 | 72.949 |    266 | week 
  687 |  0.013 | 72.962 |    266 | i've 
  688 |  0.013 | 72.976 |    265 | anyone 
  689 |  0.013 | 72.989 |    265 | tears 
  690 |  0.013 | 73.002 |    265 | fast 
  691 |  0.013 | 73.016 |    264 | start 
  692 |  0.013 | 73.029 |    264 | access 
  693 |  0.013 | 73.042 |    263 | law 
  694 |  0.013 | 73.056 |    263 | rich 
  695 |  0.013 | 73.069 |    263 | tone 
  696 |  0.013 | 73.082 |    262 | secret 
  697 |  0.013 | 73.095 |    262 | trying 
  698 |  0.013 | 73.108 |    262 | south 
  699 |  0.013 | 73.122 |    261 | bright 
  700 |  0.013 | 73.135 |    260 | future 
  701 |  0.013 | 73.148 |    260 | cry 
  702 |  0.013 | 73.161 |    260 | heaven 
  703 |  0.013 | 73.174 |    259 | died 
  704 |  0.013 | 73.187 |    259 | straight 
  705 |  0.013 | 73.200 |    258 | distance 
  706 |  0.013 | 73.213 |    258 | remained 
  707 |  0.013 | 73.226 |    257 | number 
  708 |  0.013 | 73.239 |    257 | observed 
  709 |  0.013 | 73.252 |    257 | floor 
  710 |  0.013 | 73.265 |    256 | following 
  711 |  0.013 | 73.278 |    256 | hat 
  712 |  0.013 | 73.290 |    255 | particular 
  713 |  0.013 | 73.303 |    255 | trademark 
  714 |  0.013 | 73.316 |    255 | professor 
  715 |  0.013 | 73.329 |    255 | beside 
  716 |  0.013 | 73.342 |    255 | quick 
  717 |  0.013 | 73.355 |    255 | wished 
  718 |  0.013 | 73.368 |    254 | england 
  719 |  0.013 | 73.380 |    254 | church 
  720 |  0.013 | 73.393 |    254 | cecily 
  721 |  0.013 | 73.406 |    253 | ladies 
  722 |  0.013 | 73.419 |    253 | wide 
  723 |  0.013 | 73.431 |    253 | afterwards 
  724 |  0.013 | 73.444 |    253 | uncle 
  725 |  0.013 | 73.457 |    253 | tonight 
  726 |  0.013 | 73.470 |    253 | fall 
  727 |  0.013 | 73.482 |    253 | laughed 
  728 |  0.013 | 73.495 |    253 | mouth 
  729 |  0.013 | 73.508 |    253 | duty 
  730 |  0.013 | 73.521 |    253 | dont 
  731 |  0.013 | 73.533 |    252 | refund 
  732 |  0.013 | 73.546 |    251 | looks 
  733 |  0.013 | 73.559 |    251 | wall 
  734 |  0.013 | 73.571 |    250 | art 
  735 |  0.013 | 73.584 |    250 | shut 
  736 |  0.013 | 73.596 |    250 | loved 
  737 |  0.013 | 73.609 |    249 | learn 
  738 |  0.013 | 73.621 |    249 | knowledge 
  739 |  0.013 | 73.634 |    249 | party 
  740 |  0.013 | 73.647 |    249 | instant 
  741 |  0.013 | 73.659 |    249 | sudden 
  742 |  0.013 | 73.672 |    249 | dress 
  743 |  0.012 | 73.684 |    248 | talking 
  744 |  0.012 | 73.697 |    247 | impossible 
  745 |  0.012 | 73.709 |    247 | plain 
  746 |  0.012 | 73.721 |    247 | attention 
  747 |  0.012 | 73.734 |    247 | trees 
  748 |  0.012 | 73.746 |    246 | started 
  749 |  0.012 | 73.759 |    246 | knows 
  750 |  0.012 | 73.771 |    246 | duke 
  751 |  0.012 | 73.783 |    245 | gentlemen 
  752 |  0.012 | 73.796 |    245 | green 
  753 |  0.012 | 73.808 |    245 | wood 
  754 |  0.012 | 73.820 |    243 | en 
  755 |  0.012 | 73.833 |    242 | six 
  756 |  0.012 | 73.845 |    242 | beginning 
  757 |  0.012 | 73.857 |    242 | liked 
  758 |  0.012 | 73.869 |    242 | books 
  759 |  0.012 | 73.881 |    242 | sisters 
  760 |  0.012 | 73.894 |    242 | beowulf 
  761 |  0.012 | 73.906 |    241 | expected 
  762 |  0.012 | 73.918 |    241 | letters 
  763 |  0.012 | 73.930 |    241 | sperm 
  764 |  0.012 | 73.942 |    240 | step 
  765 |  0.012 | 73.954 |    239 | opinion 
  766 |  0.012 | 73.966 |    239 | afternoon 
  767 |  0.012 | 73.978 |    239 | shook 
  768 |  0.012 | 73.990 |    239 | mary 
  769 |  0.012 | 74.002 |    238 | eat 
  770 |  0.012 | 74.014 |    238 | sky 
  771 |  0.012 | 74.026 |    238 | tom 
  772 |  0.012 | 74.038 |    237 | pale 
  773 |  0.012 | 74.050 |    236 | object 
  774 |  0.012 | 74.062 |    235 | happiness 
  775 |  0.012 | 74.074 |    235 | beauty 
  776 |  0.012 | 74.086 |    234 | winter 
  777 |  0.012 | 74.097 |    234 | scene 
  778 |  0.012 | 74.109 |    234 | shadow 
  779 |  0.012 | 74.121 |    234 | comfort 
  780 |  0.012 | 74.133 |    234 | forget 
  781 |  0.012 | 74.144 |    233 | fixed 
  782 |  0.012 | 74.156 |    232 | fancy 
  783 |  0.012 | 74.168 |    232 | showed 
  784 |  0.012 | 74.179 |    231 | follow 
  785 |  0.012 | 74.191 |    231 | visit 
  786 |  0.012 | 74.203 |    231 | tomorrow 
  787 |  0.012 | 74.214 |    231 | boys 
  788 |  0.012 | 74.226 |    231 | led 
  789 |  0.012 | 74.238 |    231 | ah 
  790 |  0.012 | 74.249 |    230 | including 
  791 |  0.012 | 74.261 |    230 | leaving 
  792 |  0.012 | 74.272 |    230 | pearl 
  793 |  0.012 | 74.284 |    230 | stubb 
  794 |  0.012 | 74.296 |    229 | conversation 
  795 |  0.012 | 74.307 |    229 | figure 
  796 |  0.012 | 74.319 |    229 | surprise 
  797 |  0.012 | 74.330 |    229 | music 
  798 |  0.012 | 74.342 |    229 | company 
  799 |  0.011 | 74.353 |    228 | raised 
  800 |  0.011 | 74.365 |    227 | fortune 
  801 |  0.011 | 74.376 |    227 | s 
  802 |  0.011 | 74.388 |    227 | view 
  803 |  0.011 | 74.399 |    227 | shore 
  804 |  0.011 | 74.410 |    227 | society 
  805 |  0.011 | 74.422 |    227 | lucy 
  806 |  0.011 | 74.433 |    226 | instead 
  807 |  0.011 | 74.445 |    226 | speaking 
  808 |  0.011 | 74.456 |    225 | effect 
  809 |  0.011 | 74.467 |    225 | count 
  810 |  0.011 | 74.479 |    225 | fresh 
  811 |  0.011 | 74.490 |    225 | moved 
  812 |  0.011 | 74.501 |    224 | pay 
  813 |  0.011 | 74.513 |    224 | asleep 
  814 |  0.011 | 74.524 |    224 | linde 
  815 |  0.011 | 74.535 |    223 | although 
  816 |  0.011 | 74.546 |    223 | summer 
  817 |  0.011 | 74.558 |    223 | clothes 
  818 |  0.011 | 74.569 |    223 | terrible 
  819 |  0.011 | 74.580 |    223 | caught 
  820 |  0.011 | 74.591 |    223 | mina 
  821 |  0.011 | 74.602 |    222 | placed 
  822 |  0.011 | 74.614 |    221 | evil 
  823 |  0.011 | 74.625 |    221 | act 
  824 |  0.011 | 74.636 |    221 | creature 
  825 |  0.011 | 74.647 |    220 | probably 
  826 |  0.011 | 74.658 |    220 | permission 
  827 |  0.011 | 74.669 |    220 | ways 
  828 |  0.011 | 74.680 |    220 | perfectly 
  829 |  0.011 | 74.691 |    220 | promise 
  830 |  0.011 | 74.702 |    220 | study 
  831 |  0.011 | 74.713 |    219 | pain 
  832 |  0.011 | 74.724 |    219 | associated 
  833 |  0.011 | 74.735 |    219 | running 
  834 |  0.011 | 74.746 |    219 | everybody 
  835 |  0.011 | 74.757 |    219 | rank 
  836 |  0.011 | 74.769 |    219 | talked 
  837 |  0.011 | 74.780 |    218 | effort 
  838 |  0.011 | 74.790 |    218 | ice 
  839 |  0.011 | 74.801 |    218 | middle 
  840 |  0.011 | 74.812 |    218 | bit 
  841 |  0.011 | 74.823 |    218 | wrong 
  842 |  0.011 | 74.834 |    218 | spring 
  843 |  0.011 | 74.845 |    218 | steps 
  844 |  0.011 | 74.856 |    217 | darkness 
  845 |  0.011 | 74.867 |    217 | mighty 
  846 |  0.011 | 74.878 |    217 | i'd 
  847 |  0.011 | 74.889 |    217 | sake 
  848 |  0.011 | 74.900 |    217 | glass 
  849 |  0.011 | 74.911 |    216 | months 
  850 |  0.011 | 74.922 |    216 | danger 
  851 |  0.011 | 74.933 |    216 | spirits 
  852 |  0.011 | 74.944 |    216 | ones 
  853 |  0.011 | 74.955 |    216 | worth 
  854 |  0.011 | 74.965 |    215 | easily 
  855 |  0.011 | 74.976 |    215 | quickly 
  856 |  0.011 | 74.987 |    215 | school 
  857 |  0.011 | 74.998 |    214 | single 
  858 |  0.011 | 75.009 |    214 | desire 
  859 |  0.011 | 75.019 |    214 | various 
  860 |  0.011 | 75.030 |    213 | appear 
  861 |  0.011 | 75.041 |    213 | fee 
  862 |  0.011 | 75.052 |    213 | writing 
  863 |  0.011 | 75.062 |    213 | filled 
  864 |  0.011 | 75.073 |    213 | nice 
  865 |  0.011 | 75.084 |    213 | heads 
  866 |  0.011 | 75.094 |    212 | touch 
  867 |  0.011 | 75.105 |    212 | peace 
  868 |  0.011 | 75.116 |    212 | merely 
  869 |  0.011 | 75.126 |    212 | queequeg 
  870 |  0.011 | 75.137 |    211 | bound 
  871 |  0.011 | 75.148 |    211 | stone 
  872 |  0.011 | 75.158 |    211 | appearance 
  873 |  0.011 | 75.169 |    211 | later 
  874 |  0.011 | 75.180 |    211 | beneath 
  875 |  0.011 | 75.190 |    211 | meant 
  876 |  0.011 | 75.201 |    211 | allowed 
  877 |  0.011 | 75.211 |    210 | immediately 
  878 |  0.011 | 75.222 |    210 | closed 
  879 |  0.011 | 75.233 |    210 | deck 
  880 |  0.011 | 75.243 |    209 | grave 
  881 |  0.011 | 75.254 |    209 | french 
  882 |  0.011 | 75.264 |    209 | iron 
  883 |  0.011 | 75.275 |    209 | village 
  884 |  0.010 | 75.285 |    208 | provide 
  885 |  0.010 | 75.296 |    208 | lives 
  886 |  0.010 | 75.306 |    208 | breath 
  887 |  0.010 | 75.317 |    208 | stop 
  888 |  0.010 | 75.327 |    207 | greater 
  889 |  0.010 | 75.338 |    207 | satisfied 
  890 |  0.010 | 75.348 |    206 | entirely 
  891 |  0.010 | 75.358 |    206 | opportunity 
  892 |  0.010 | 75.369 |    205 | somewhat 
  893 |  0.010 | 75.379 |    205 | bottom 
  894 |  0.010 | 75.389 |    205 | joy 
  895 |  0.010 | 75.400 |    205 | tall 
  896 |  0.010 | 75.410 |    204 | third 
  897 |  0.010 | 75.420 |    204 | learned 
  898 |  0.010 | 75.430 |    202 | reading 
  899 |  0.010 | 75.441 |    202 | broad 
  900 |  0.010 | 75.451 |    202 | surprised 
  901 |  0.010 | 75.461 |    201 | office 
  902 |  0.010 | 75.471 |    201 | warm 
  903 |  0.010 | 75.481 |    201 | gold 
  904 |  0.010 | 75.491 |    201 | former 
  905 |  0.010 | 75.501 |    201 | boats 
  906 |  0.010 | 75.511 |    201 | pond 
  907 |  0.010 | 75.522 |    200 | reached 
  908 |  0.010 | 75.532 |    200 | leaves 
  909 |  0.010 | 75.542 |    200 | carriage 
  910 |  0.010 | 75.552 |    199 | b 
  911 |  0.010 | 75.562 |    199 | takes 
  912 |  0.010 | 75.572 |    199 | nobody 
  913 |  0.010 | 75.582 |    199 | seat 
  914 |  0.010 | 75.592 |    199 | waiting 
  915 |  0.010 | 75.602 |    199 | gregor 
  916 |  0.010 | 75.612 |    198 | bent 
  917 |  0.010 | 75.622 |    198 | receive 
  918 |  0.010 | 75.632 |    198 | sad 
  919 |  0.010 | 75.642 |    198 | tired 
  920 |  0.010 | 75.652 |    197 | jonathan 
  921 |  0.010 | 75.662 |    197 | experience 
  922 |  0.010 | 75.672 |    197 | keeping 
  923 |  0.010 | 75.681 |    197 | mere 
  924 |  0.010 | 75.691 |    197 | race 
  925 |  0.010 | 75.701 |    197 | faces 
  926 |  0.010 | 75.711 |    197 | position 
  927 |  0.010 | 75.721 |    197 | force 
  928 |  0.010 | 75.731 |    196 | org 
  929 |  0.010 | 75.741 |    196 | considerable 
  930 |  0.010 | 75.751 |    196 | thin 
  931 |  0.010 | 75.761 |    196 | safe 
  932 |  0.010 | 75.771 |    196 | garden 
  933 |  0.010 | 75.780 |    195 | marriage 
  934 |  0.010 | 75.790 |    195 | worse 
  935 |  0.010 | 75.800 |    195 | respect 
  936 |  0.010 | 75.810 |    195 | seek 
  937 |  0.010 | 75.820 |    195 | journey 
  938 |  0.010 | 75.829 |    194 | breast 
  939 |  0.010 | 75.839 |    194 | papers 
  940 |  0.010 | 75.849 |    194 | passage 
  941 |  0.010 | 75.859 |    194 | considered 
  942 |  0.010 | 75.869 |    194 | bank 
  943 |  0.010 | 75.878 |    193 | chief 
  944 |  0.010 | 75.888 |    193 | carry 
  945 |  0.010 | 75.898 |    193 | begin 
  946 |  0.010 | 75.907 |    193 | glance 
  947 |  0.010 | 75.917 |    193 | dream 
  948 |  0.010 | 75.927 |    193 | curious 
  949 |  0.010 | 75.937 |    193 | circumstances 
  950 |  0.010 | 75.946 |    192 | consider 
  951 |  0.010 | 75.956 |    192 | discovered 
  952 |  0.010 | 75.966 |    192 | threw 
  953 |  0.010 | 75.975 |    192 | pray 
  954 |  0.010 | 75.985 |    192 | sought 
  955 |  0.010 | 75.995 |    192 | lying 
  956 |  0.010 | 76.004 |    192 | sorrow 
  957 |  0.010 | 76.014 |    191 | dare 
  958 |  0.010 | 76.024 |    191 | covered 
  959 |  0.010 | 76.033 |    191 | holding 
  960 |  0.010 | 76.043 |    191 | calm 
  961 |  0.010 | 76.052 |    191 | quietly 
  962 |  0.010 | 76.062 |    190 | remain 
  963 |  0.010 | 76.072 |    190 | marked 
  964 |  0.010 | 76.081 |    190 | broke 
  965 |  0.010 | 76.091 |    190 | flowers 
  966 |  0.010 | 76.100 |    190 | trust 
  967 |  0.010 | 76.110 |    189 | wise 
  968 |  0.010 | 76.119 |    189 | freely 
  969 |  0.010 | 76.129 |    189 | section 
  970 |  0.010 | 76.138 |    189 | lot 
  971 |  0.010 | 76.148 |    189 | changed 
  972 |  0.010 | 76.157 |    189 | rising 
  973 |  0.009 | 76.167 |    188 | c 
  974 |  0.009 | 76.176 |    188 | christmas 
  975 |  0.009 | 76.186 |    188 | passing 
  976 |  0.009 | 76.195 |    188 | noble 
  977 |  0.009 | 76.205 |    188 | breakfast 
  978 |  0.009 | 76.214 |    187 | horses 
  979 |  0.009 | 76.224 |    187 | stranger 
  980 |  0.009 | 76.233 |    187 | spoken 
  981 |  0.009 | 76.243 |    187 | anxious 
  982 |  0.009 | 76.252 |    187 | wrote 
  983 |  0.009 | 76.261 |    187 | miles 
  984 |  0.009 | 76.271 |    186 | snow 
  985 |  0.009 | 76.280 |    186 | windows 
  986 |  0.009 | 76.289 |    186 | engaged 
  987 |  0.009 | 76.299 |    185 | support 
  988 |  0.009 | 76.308 |    185 | sorry 
  989 |  0.009 | 76.317 |    185 | lie 
  990 |  0.009 | 76.327 |    184 | spite 
  991 |  0.009 | 76.336 |    184 | finally 
  992 |  0.009 | 76.345 |    183 | fish 
  993 |  0.009 | 76.354 |    183 | owner 
  994 |  0.009 | 76.364 |    183 | seven 
  995 |  0.009 | 76.373 |    183 | forehead 
  996 |  0.009 | 76.382 |    183 | lower 
  997 |  0.009 | 76.391 |    183 | whilst 
  998 |  0.009 | 76.400 |    182 | copies 
  999 |  0.009 | 76.410 |    182 | dropped 
 1000 |  0.009 | 76.419 |    182 | soft